1736681677
1806437405
1816430911
100000244983182
100000552854198
100000581230633
100000606370741
100000761083034
100000854247994
100000963875659
100001124389686
100001146341594
100001190343258
100001416254472
100001450848440
100001494728076
100001785368729
100002101566602
100002247154685
100002269491480
100002297664306
100002300003732
100002300326958
100002388228811
100002443634390
100002453384655
100002475611745
100002528497943
100002594308637
100002603578156
100002611955178
100002664416562
100002740160092
100002798952626
100002867710010
100002886528028
100002930827974
100002993718087
100003105465993
100003116457657
100003154241835
100003252718369
100003285536316
100003290069542
100003302779863
100003337296794
100003382273543
100003488341788
100003551139912
100003584436319
100003621006130
100003647546692
100003692320334
100003707906661
100003726413328
100003757485134
100003783770808
100003795068896
100003817472382
100003930754132
100004041232963
100004089108141
100004150728736
100004155167464
100004177095685
100004191407778
100004194257997
100004225666272
100004255503262
100004275247316
100004363818271
100004405217696
100004427071054
100004450087664
100004492636929
100004497525321
100004559839271
100004604289514
100004605042021
100004616296755
100004639725663
100004667526691
100004687779511
100004690774142
100004772652311
100004797194793
100004816114280
100004838164141
100004874250211
100004896078333
100004938769177
100004957753633
100004972997514
100004974672724
100005010243582
100005045525773
100005062112289
100005070708237
100005096709966
100005125752470
100005141836751
100005145496898
100005150612545
100005161518495
100005171916477
100005174581318
100005218458692
100005241076397
100005256153748
100005290063912
100005309178766
100005315620441
100005317968106
100005400583010
100005436978870
100005508437229
100005542878798
100005556064696
100005576166133
100005608111623
100005620397876
100005633553907
100005636748422
100005680698551
100005689758997
100005697573375
100005699255445
100005776266103
100005777657923
100005779993533
100005809666028
100005910274646
100005920873657
100005926153880
100005933685138
100005999283842
100006009964386
100006074778500
100006154364528
100006157292797
100006159520806
100006160170491
100006163425489
100006165377836
100006165660076
100006175321275
100006218687006
100006387139483
100006452675145
100006453858547
100006493424750
100006513840049
100006518234995
100006518313456
100006556818814
100006571120855
100006664776693
100006696996137
100006704797708
100006717212150
100006729731533
100006782767372
100006789618235
100006791490945
100006815764870
100006842911987
100006844176003
100006930610962
100006936151847
100006945542907
100006964990078
100006990722380
100007002645559
100007006443110
100007024231070
100007031529106
100007040228044
100007042087607
100007050390361
100007054540411
100007076674548
100007083450723
100007105395892
100007110301724
100007127622826
100007137342542
100007159357053
100007161041502
100007167999128
100007170307544
100007195960671
100007216422890
100007220013277
100007237575546
100007255501982
100007336035604
100007338361210
100007357476734
100007362015452
100007365247207
100007377819828
100007389093081
100007413408612
100007436410393
100007453997839
100007454266457
100007470789963
100007471783090
100007473522872
100007477665869
100007496434242
100007524225410
100007573951523
100007603727166
100007610228204
100007615232980
100007618182476
100007619467872
100007647226623
100007659450559
100007665910921
100007716665108
100007752156227
100007761544270
100007761729167
100007777118461
100007779632748
100007782312289
100007796204753
100007800182407
100007806228798
100007806278402
100007829149182
100007831474138
100007836633917
100007843813892
100007855840940
100007861295841
100007865074690
100007871891650
100007873803822
100007881550797
100007900326098
100007911495491
100007912516202
100007913790723
100007922580423
100007936184402
100007940015090
100007971221055
100007999066709
100008006438425
100008009531235
100008013510999
100008051898132
100008074965627
100008075562368
100008079964298
100008115999391
100008120580292
100008126922915
100008133518190
100008137778423
100008144950151
100008151132354
100008165799639
100008202604155
100008206907505
100008224126971
100008235161345
100008246042493
100008249206389
100008272141805
100008272301335
100008299006322
100008339267118
100008346664934
100008355978695
100008366598998
100008373917957
100008386653409
100008389024017
100008422504441
100008425775844
100008471828909
100008476240474
100008479336327
100008551724725
100008555987247
100008568493289
100008645199203
100008665065766
100008668637289
100008715434472
100008718137757
100008720316271
100008721064942
100008754754500
100008763394691
100008773568565
100008796154734
100008796395602
100008813162552
100008815239139
100008824537193
100008864522141
100008897400994
100008937939302
100008963553689
100008974096228
100009022201730
100009040690145
100009053224913
100009076698636
100009076874726
100009090378854
100009106064955
100009116246282
100009118025702
100009127168746
100009141636825
100009143216664
100009169723743
100009172388323
100009174294808
100009176500593
100009206632061
100009209980742
100009213833972
100009219450110
100009229028414
100009233998706
100009239897613
100009256536442
100009269031429
100009281452278
100009295571992
100009315266900
100009316948517
100009319511626
100009325645545
100009326187578
100009328339320
100009336290185
100009337319637
100009355429980
100009372277893
100009375017212
100009382710345
100009391880530
100009402653622
100009405482789
100009406187193
100009407577545
100009442429200
100009466255770
100009493849287
100009526436462
100009526935266
100009527323837
100009532461782
100009542533398
100009549039042
100009553336878
100009560881615
100009570890565
100009575500953
100009581673566
100009593682781
100009596289590
100009596675126
100009610951836
100009622954703
100009625987328
100009640171863
100009650957088
100009657823999
100009665501319
100009672316654
100009681039998
100009689503787
100009695358270
100009697908877
100009705152788
100009724626511
100009737312042
100009751805239
100009762197520
100009780900316
100009794404898
100009794714608
100009795187079
100009809525386
100009830379254
100009842703027
100009857346831
100009874023548
100009878623590
100009903970010
100009912633893
100009921033670
100009928275616
100009938138711
100009939257352
100009956012390
100009974986149
100009977327279
100009983594891
100009985428291
100009988548077
100009999167261
100010006336742
100010014108991
100010039996000
100010046881685
100010048936826
100010067659114
100010070431648
100010071402542
100010077544049
100010085445607
100010101004101
100010117664359
100010122852621
100010124281336
100010134484839
100010147968633
100010148674188
100010149608534
100010173631206
100010186631089
100010228483191
100010241610460
100010250023074
100010340862684
100010345536151
100010351511047
100010352550844
100010355074108
100010377511872
100010379444218
100010409350426
100010413513874
100010428630028
100010432031836
100010440198735
100010447500850
100010459276900
100010463496996
100010516699464
100010535347251
100010539274588
100010543681460
100010547115207
100010560191011
100010585868842
100010597869970
100010613768485
100010618391320
100010631314655
100010632499501
100010691047868
100010699272030
100010700010394
100010713344158
100010717872177
100010729263973
100010731942956
100010748504895
100010771203842
100010784530005
100010804156385
100010811259585
100010818607758
100010821918479
100010826345439
100010827750795
100010829466136
100010833828645
100010843870301
100010853142740
100010854125706
100010861111631
100010898204221
100010917186587
100010926095967
100010951235116
100010966301850
100010982683591
100010985949663
100010998513052
100011003952916
100011009953408
100011019813508
100011044756951
100011048859038
100011051466223
100011068601869
100011079480685
100011086933215
100011087478196
100011106527453
100011111675669
100011124724097
100011151693012
100011152238417
100011170143644
100011180734238
100011198139468
100011198446254
100011200952749
100011207956469
100011233867237
100011278475384
100011288615776
100011293060194
100011305541813
100011305631073
100011310423106
100011318530126
100011340651930
100011342133681
100011346322232
100011403539188
100011408521407
100011422775280
100011470574160
100011476393408
100011492117053
100011501682575
100011522584239
100011543356249
100011545509972
100011660269481
100011687041105
100011703367181
100011721340603
100011723115567
100011772725385
100011854597287
100011892091440
100011896843380
100011906888614
100011912198501
100011925073910
100011956962013
100011975083270
100011976403471
100011991704009
100012042002216
100012050415690
100012054758215
100012055957609
100012088546617
100012116748071
100012194348677
100012194380717
100012200250228
100012226267221
100012238904427
100012278501100
100012334722382
100012356102463
100012376001145
100012386718250
100012393226665
100012397759015
100012472578520
100012476202691
100012476833703
100012490696424
100012495526707
100012508634105
100012517785270
100012537226461
100012545863728
100012558570248
100012559573741
100012570852612
100012590732285
100012605026480
100012627573978
100012637842345
100012640330813
100012667080154
100012689348972
100012691354665
100012707082579
100012763561053
100012763664543
100012764520062
100012799091167
100012800825268
100012805322530
100012827641849
100012831036478
100012852182312
100012884625577
100012920280975
100012949502021
100012966786467
100012968075222
100012980793189
100012982009057
100012984066776
100013026762444
100013036211572
100013038240483
100013053392837
100013088586644
100013092633203
100013094743112
100013184617051
100013199645098
100013208858254
100013211115910
100013218403132
100013231003270
100013237658620
100013239602784
100013244499952
100013253293099
100013259042049
100013264146689
100013265942946
100013288750487
100013322539327
100013343530565
100013356310569
100013368690618
100013379327819
100013416337375
100013427563085
100013427707996
100013436490479
100013443366952
100013446640683
100013457359260
100013460657278
100013472465562
100013483714268
100013506965307
100013508170922
100013512257059
100013540278670
100013548764985
100013588961128
100013593372819
100013595882571
100013623704302
100013650604220
100013672759426
100013674552475
100013675380082
100013688232385
100013702926990
100013744803084
100013753935275
100013756116668
100013786308513
100013793045035
100013804717660
100013810661438
100013829292748
100013849714094
100013877265237
100013880792684
100013928375561
100013932521969
100013937830509
100013939031883
100013939980839
100013940319027
100013942338517
100013964466787
100013981447662
100013989496182
100013997651938
100014003617173
100014003747081
100014004644423
100014027890017
100014047601241
100014065804154
100014095874635
100014096387631
100014098864429
100014105627468
100014109918212
100014112766616
100014114794322
100014125536239
100014145609364
100014145933354
100014146089455
100014151917602
100014152960309
100014168025927
100014182777281
100014190843288
100014192893938
100014205789123
100014218755050
100014222915232
100014237467642
100014251843754
100014255563644
100014277304721
100014286998164
100014291617091
100014303671003
100014322690688
100014347385391
100014347393894
100014355370327
100014357591867
100014359206831
100014360220398
100014377427719
100014396945035
100014399616493
100014402015759
100014408444469
100014419156824
100014435684636
100014452939351
100014455921213
100014471293362
100014483594165
100014491725724
100014501079696
100014518354002
100014527543291
100014543689392
100014544997806
100014546610757
100014554188318
100014565660493
100014569127196
100014573885942
100014578248765
100014595468121
100014608778334
100014608953319
100014613360586
100014620712636
100014622248338
100014652587766
100014653248468
100014671080242
100014672229991
100014690407120
100014694188470
100014697008269
100014699974009
100014713576850
100014717735492
100014731510659
100014734033605
100014743382266
100014746302335
100014748432947
100014752690581
100014757692072
100014761688723
100014766159496
100014785577468
100014787061747
100014802677877
100014802811167
100014804072460
100014804958151
100014806514644
100014817439262
100014827215237
100014828405866
100014842782685
100014845968533
100014846019952
100014846140954
100014851963684
100014852371110
100014879023148
100014882448389
100014883253448
100014884608187
100014887716769
100014893483142
100014894357130
100014897177030
100014898556554
100014906056524
100014906311451
100014911985521
100014917033160
100014924795268
100014925305534
100014934224066
100014937904596
100014938933983
100014940331206
100014941382312
100014942850596
100014942953083
100014951941040
100014952851837
100014955638856
100014955758893
100014957564468
100014964905238
100014967456892
100014972799006
100015023072663
100015037743331
100015054093429
100015061864618
100015063450481
100015075751310
100015079620119
100015084000681
100015084060452
100015095776453
100015103426016
100015109330894
100015125172028
100015138998063
100015142510763
100015156392277
100015163090121
100015164462369
100015170047049
100015188133793
100015211836657
100015239805922
100015253727777
100015254898164
100015257321788
100015258033125
100015263862135
100015265602107
100015271000993
100015280782394
100015286838223
100015288105958
100015303463351
100015305748780
100015315489165
100015321517818
100015326477527
100015336671970
100015358516774
100015362584500
100015367173477
100015394050139
100015404589623
100015418867662
100015418873480
100015419161858
100015425940854
100015429979035
100015438282571
100015443880866
100015449370048
100015465790118
100015469831792
100015485599253
100015524919365
100015537935721
100015551447450
100015570277057
100015605857935
100015627070008
100015672999787
100015677894340
100015693213184
100015702908924
100015719464703
100015720736745
100015749164782
100015753961890
100015755494455
100015757563936
100015757811115
100015758313944
100015770143548
100015776911294
100015778271923
100015812828155
100015839949798
100015847750816
100015851925813
100015868774459
100015917132024
100015928863006
100015939364354
100015945725894
100015964991711
100016011824984
100016019253483
100016024142889
100016054896588
100016068511003
100016098031262
100016103321733
100016121880300
100016141474620
100016154792030
100016181139618
100016185315739
100016186004488
100016202853182
100016212944668
100016254161473
100016282201482
100016295625299
100016304744785
100016320195708
100016325468700
100016333020087
100016358021550
100016358640939
100016376468845
100016411747758
100016422970471
100016469381154
100016494678123
100016515818172
100016524524473
100016529072340
100016539796975
100016548336156
100016552365827
100016557468765
100016562263301
100016587360447
100016607556211
100016613649883
100016620137935
100016640321623
100016667105126
100016678843778
100016710760159
100016717545135
100016770069071
100016799853833
100016826977617
100016849937350
100016952316418
100016966924869
100016975291127
100017013912705
100017025452568
100017033941601
100017035755470
100017059200410
100017082582874
100017083933179
100017097339078
100017114582909
100017128231351
100017138317850
100017145181570
100017156832086
100017226004739
100017238664650
100017281597976
100017319694442
100017329623301
100017346966630
100017350208848
100017379666289
100017381528717
100017401440156
100017404420697
100017411140861
100017428082114
100017467726078
100017494124982
100017506836247
100017562466204
100017563572047
100017574886391
100017579137757
100017589942147
100017598660293
100017650572132
100017655009878
100017655371569
100017702191407
100017708143322
100017708298870
100017742015886
100017797236227
100017805307876
100017805496994
100017808300628
100017833008862
100017870373625
100017877730532
100017892247408
100017902929746
100017950209350
100017957741230
100018009315433
100018109684442
100018122403284
100018130476300
100018153120602
100018202364198
100018210993116
100018217309198
100018228902469
100018238301737
100018256593179
100018265510304
100018282361855
100018293927317
100018321337604
100018344340602
100018351638028
100018352263125
100018394333696
100018416194952
100018444070548
100018479742228
100018484000392
100018506981749
100018513903759
100018546368816
100018597794585
100018602298248
100018655811565
100018663698577
100018719946976
100018738004873
100018779557808
100018792401783
100018864757492
100018937152932
100018955964147
100019001700353
100019037103429
100019166766914
100019204055801
100019257280082
100019265193339
100019287490863
100019338000391
100019360037430
100019392221675
100019474454109
100019507726541
100019510879494
100019615475657
100019617760038
100019679894811
100019813812877
100019895479035
100019904587643
100019917405145
100020009925161
100020013181659
100020027024027
100020262318010
100020280075683
100020425696914
100020521904356
100020607877962
100020647501509
100020753894802
100020760871063
100020791335732
100020923776831
100020967557910
100021021620233
100021031207605
100021058685833
100021088724678
100021135699047
100021192233864
100021194928941
100021317088723
100021344962615
100021377987018
100021392680234
100021412816955
100021425568408
100021448013350
100021492426527
100021523713098
100021540213944
100021544952544
100021549783405
100021563705279
100021583621571
100021642428237
100021644179179
100021644902197
100021682500836
100021686330475
100021721787623
100021735393864
100021740833541
100021746631011
100021749357328
100021757191771
100021762371784
100021786002827
100021797031093
100021814187793
100021834164717
100021834307400
100021841189524
100021856691886
100021896264334
100021906291401
100021910056061
100021937283817
100021948949740
100021969607249
100021974320541
100022017161768
100022019421480
100022029695931
100022042535936
100022060904595
100022061800758
100022067073823
100022070252133
100022079829970
100022080695414
100022096789971
100022104166253
100022110094900
100022124474187
100022126981981
100022147534789
100022149423203
100022154351227
100022154930993
100022155750895
100022167794466
100022173782580
100022185274141
100022214167334
100022217226675
100022239973381
100022285731325
100022295379091
100022322042947
100022326879384
100022344421720
100022366363432
100022373254865
100022384784664
100022417051756
100022421267830
100022424811273
100022433949189
100022448405597
100022455049605
100022466776122
100022472972238
100022494137682
100022508865761
100022511960857
100022531161701
100022534230431
100022534354544
100022548911296
100022551848306
100022553464145
100022568470975
100022568942052
100022611973394
100022612338716
100022621419525
100022632258683
100022635182145
100022635367993
100022650112873
100022667225682
100022679018096
100022695561187
100022707053007
100022715313509
100022718263519
100022737763610
100022741704292
100022742179636
100022745196939
100022752480939
100022760721583
100022783582400
100022785786497
100022788077012
100022796417493
100022800468066
100022814359878
100022816818415
100022816898691
100022824616475
100022824725720
100022827222476
100022830795999
100022831878673
100022839556819
100022839953541
100022841615838
100022843642462
100022889021740
100022903033134
100022911456058
100022917003555
100022917790266
100022919205958
100022926517800
100022928775604
100022931241865
100022966680471
100022973641562
100022974560755
100022975754142
100022977822048
100022992544749
100023014772170
100023044980785
100023061037576
100023061930235
100023064337933
100023072452851
100023108985998
100023118443367
100023135601303
100023175084283
100023182877632
100023189083985
100023210404890
100023235076214
100023240947844
100023241798234
100023241953164
100023243207012
100023246960970
100023263029820
100023278933812
100023300956540
100023306056377
100023317394912
100023317775296
100023318982296
100023321173487
100023343411108
100023355557786
100023374599279
100023389538930
100023397731735
100023406983657
100023411671641
100023416299097
100023436590041
100023440367876
100023448663689
100023453153208
100023462557087
100023471253030
100023474681426
100023476024825
100023480033921
100023481407624
100023491479084
100023496587077
100023504954598
100023520912848
100023530398097
100023531016962
100023543681433
100023565051569
100023574226458
100023587742569
100023593772559
100023602908669
100023605830701
100023606534959
100023615360250
100023624211133
100023640753855
100023652694752
100023674751818
100023679100376
100023684057163
100023687385588
100023693111144
100023693986021
100023699686222
100023709614139
100023713777263
100023713804621
100023714241701
100023716883378
100023717138489
100023718762019
100023718975912
100023719003447
100023720551123
100023733321674
100023736591441
100023745204101
100023771823761
100023795167624
100023800145918
100023803151941
100023803776712
100023823191130
100023826650205
100023827251139
100023827311587
100023834357747
100023865377373
100023871862752
100023883826536
100023889540515
100023890505498
100023891018835
100023925634276
100023926954323
100023927795704
100023934190192
100023954044203
100023976323629
100023977456376
100023985873734
100023988216127
100023990894422
100024002821748
100024010385561
100024011767859
100024015103221
100024022733699
100024024219073
100024028176700
100024035107694
100024037907271
100024043836018
100024053805239
100024059076267
100024061142545
100024080629860
100024083327577
100024097155431
100024099914543
100024118218329
100024126214315
100024138405299
100024140042309
100024143234353
100024147009300
100024176800419
100024183902062
100024184298182
100024189671564
100024199356091
100024201142168
100024208512608
100024222542606
100024238732391
100024239013818
100024248648973
100024258302002
100024260349747
100024265096032
100024273580681
100024278719909
100024282512517
100024301830775
100024304442319
100024304876655
100024307690232
100024317299739
100024333949590
100024350971561
100024359857527
100024372168999
100024373711280
100024401928354
100024439971551
100024443269532
100024450681652
100024457711878
100024466967743
100024468854678
100024471244479
100024486563542
100024496963986
100024504010711
100024519332475
100024522792244
100024526740542
100024527360442
100024528306470
100024530824558
100024537441824
100024543252514
100024550054715
100024554806925
100024558129940
100024559399620
100024561841243
100024570091944
100024586790074
100024588487788
100024620704727
100024642547778
100024646985894
100024660643810
100024677894740
100024708781122
100024714345527
100024731980619
100024732374341
100024785201267
100024785525768
100024810381000
100024815497932
100024859216961
100024869626438
100024870873678
100024872444827
100024881130801
100024882120568
100024901905317
100024926054970
100024945427243
100024970601721
100025000159628
100025002542205
100025005003053
100025006423944
100025014708348
100025020630620
100025087661334
100025090971253
100025100713002
100025138265826
100025143454810
100025156743019
100025157196097
100025171820109
100025190317191
100025202164784
100025204668102
100025204993037
100025210934640
100025212519290
100025216999506
100025230914356
100025241078798
100025244140186
100025251275018
100025261929777
100025271641392
100025288569542
100025290701099
100025292138915
100025349225538
100025349436623
100025351954558
100025356165476
100025357751233
100025422162207
100025434814294
100025441959378
100025469798742
100025472350454
100025487554594
100025490201754
100025493081768
100025498879911
100025582830548
100025598791281
100025617152880
100025668443191
100025728761922
100025746908586
100025763587196
100025830143249
100025832299339
100025836532154
100025853121597
100025874523723
100025880719055
100025898631245
100025967499564
100025992621381
100026001321783
100026007580168
100026050783686
100026091293455
100026098356207
100026120993784
100026146626446
100026177102372
100026221342469
100026240591876
100026276359971
100026278119016
100026337210429
100026356363228
100026364541350
100026375649921
100026390180528
100026399539565
100026418677836
100026419090995
100026440713427
100026453101654
100026490042801
100026511724024
100026526074455
100026528414677
100026549863147
100026570449050
100026603888452
100026636514382
100026643551330
100026667700711
100026712211493
100026714238711
100026722590588
100026735281429
100026749590745
100026756835527
100026767849215
100026771889391
100026824764368
100026838041557
100026848420901
100026867956009
100026872251357
100026877214559
100026883644299
100026928770568
100026960962679
100026972582785
100026980307334
100026989458762
100027001341706
100027019264007
100027031650726
100027047944507
100027052792688
100027071469913
100027098197370
100027104147456
100027119970351
100027121110832
100027139898160
100027153664508
100027155745997
100027264772468
100027270953385
100027287844158
100027356884356
100027389290697
100027402440956
100027404857655
100027418433419
100027431229389
100027431580640
100027443604349
100027445401990
100027468380620
100027481601957
100027482741018
100027495894049
100027510653328
100027528889019
100027538181322
100027540934428
100027564786155
100027579432576
100027591467341
100027599237271
100027604582797
100027629086331
100027648456259
100027674560959
100027686502563
100027692744708
100027696574077
100027707509779
100027740376058
100027773841557
100027791329757
100027810468949
100027851438125
100027856124773
100027876772496
100027890461485
100027909374754
100027912912122
100027947855689
100027973253124
100027983023552
100027985773547
100028004820256
100028005426522
100028070627477
100028073688475
100028148044179
100028154590129
100028170215823
100028190867979
100028202144236
100028248513531
100028260690601
100028268462861
100028289826004
100028301921444
100028304415529
100028319807801
100028379190709
100028418446679
100028429414396
100028439557764
100028460041918
100028470234050
100028493981444
100028495493790
100028504448181
100028604943667
100028622124327
100028631769146
100028642800855
100028658401045
100028808392645
100028815840842
100028864218707
100028895046487
100028927695692
100028945426196
100028952202420
100028952237460
100028983965687
100028990350674
100029004008576
100029010577906
100029019193594
100029067020861
100029069858347
100029100736444
100029134577971
100029159356421
100029170371251
100029170986693
100029178019957
100029214183218
100029289893761
100029315148417
100029388128391
100029451293766
100029484193427
100029518804487
100029519922680
100029542939488
100029579556482
100029604662037
100029604913711
100029616860799
100029629502574
100029629579770
100029690018605
100029712095028
100029747231003
100029763409942
100029793880366
100029816239399
100029828447427
100029847606002
100029951482869
100029990952837
100030016967366
100030080060556
100030088543837
100030097451132
100030144189174
100030165152082
100030188117640
100030223984148
100030238321599
100030238400227
100030357401335
100030374708820
100030411909367
100030419018772
100030419793755
100030450317906
100030497057348
100030575984878
100030582463853
100030596319966
100030601290512
100030676806505
100030735517068
100030741933244
100030770574347
100030777441296
100030815863321
100030851987674
100030871423035
100030917257821
100030932070180
100031098651109
100031190461650
100031254221090
100031268048999
100031269940625
100031307388429
100031375043126
100031503714108
100031509725211
100031523258744
100031578522365
100031610528057
100031675510447
100031776652768
100031799797503
100031838265848
100031961152568
100031984392844
100032029310044
100032046849876
100032079880902
100032112396599
100032136860469
100032138910560
100032148741534
100032211630640
100032271644590
100032296775293
100032320651231
100032349013297
100032426496737
100032467628061
100032517797708
100032566848890
100032688040279
100032705090400
100032763828028
100032784873264
100032800792215
100032861175543
100032882392494
100032907841300
100032921594028
100032963619532
100033007940568
100033019830309
100033046952989
100033062351044
100033095984791
100033172114497
100033202753986
100033212571344
100033221462554
100033235753452
100033315060935
100033345573133
100033365255789
100033400657847
100033407370372
100033415308672
100033427299597
100033570434891
100033573422396
100033593700311
100033617960807
100033646688956
100033654461459
100033663704015
100033666558238
100033700043376
100033751573139
100033799803338
100033808189198
100033823956937
100033834971864
100033852783469
100033882274596
100033891142882
100033893581904
100033902441822
100033931962495
100033932986236
100033966286465
100033977268446
100034087412749
100034105420189
100034173272999
100034201012012
100034204518352
100034237982616
100034281583358
100034315502597
100034325740149
100034334533662
100034351073104
100034365653645
100034390251132
100034415711872
100034450554025
100034452680703
100034454070472
100034533014741
100034568923333
100034591817847
100034619530477
100034653050442
100034666571269
100034668617324
100034672428702
100034736382357
100034744834195
100034747342350
100034774000415
100034812904966
100034818436082
100034821043206
100034866878691
100034873865858
100034905557116
100034914230511
100034916383576
100034917907355
100034921752862
100034936624159
100034944129676
100034954801942
100034970734351
100034974366900
100034981599890
100034985893524
100034988912300
100035048174057
100035051355238
100035051971324
100035074912596
100035097950332
100035106151752
100035110782928
100035140964199
100035150796983
100035175409655
100035189437800
100035203179065
100035216769268
100035218156900
100035228345774
100035240225851
100035261956673
100035303361931
100035305944237
100035307182458
100035323921948
100035326490805
100035344085996
100035364701648
100035417992608
100035427189261
100035442050594
100035461291387
100035487481215
100035520255629
100035526130396
100035535463955
100035551568873
100035566220734
100035567658257
100035599629633
100035604338081
100035623203180
100035645102895
100035648290349
100035661947746
100035686538161
100035697571975
100035705081817
100035706763110
100035766661258
100035769934543
100035772953260
100035774280839
100035780222849
100035795931073
100035807030850
100035816467633
100035837525134
100035839953292
100035970360978
100035996164759
100036014436766
100036041328459
100036078669658
100036085060217
100036102510645
100036135990373
100036153003026
100036154309176
100036170540779
100036172116888
100036287990386
100036312630038
100036333632061
100036336264308
100036481205865
100036482890633
100036486291952
100036500078148
100036563174704
100036583596804
100036686574022
100036768378855
100036788044227
100036793336983
100036827851402
100036878016738
100036894594021
100036906852150
100036910309692
100037019648196
100037020379306
100037043614164
100037065786648
100037083101442
100037097806584
100037098931338
100037100473768
100037100792824
100037171342996
100037190598625
100037223562279
100037268213604
100037271134791
100037302834352
100037309999068
100037327535141
100037389247725
100037414626385
100037494843856
100037516236813
100037526814314
100037546118740
100037583263559
100037611703174
100037612666748
100037620188129
100037652266755
100037677562180
100037686034810
100037735540127
100037773452729
100037774752570
100037807178845
100037815411545
100037860254751
100037879092278
100037938739721
100037947651281
100037956191250
100037998739882
100037999243751
100038002280379
100038063060898
100038095837297
100038129268885
100038142061118
100038176054233
100038192834294
100038199695824
100038200541810
100038222904064
100038224487315
100038231733357
100038296493902
100038337138987
100038402149580
100038402629844
100038419832066
100038510552980
100038527579542
100038534522836
100038615680524
100038652734078
100038683571813
100038696295419
100038733672909
100038741352500
100038844373632
100038857396359
100038863444892
100038872249351
100038874592534
100038877941806
100038885531359
100038896871121
100038938520612
100038939743245
100038979848152
100039017453577
100039027105635
100039035738295
100039039203634
100039044240977
100039065252462
100039096969214
100039120323955
100039122100706
100039126143788
100039132901783
100039147784877
100039153609543
100039156458453
100039190401969
100039195799254
100039197659865
100039220999066
100039232652633
100039249219289
100039272602272
100039284947701
100039289685899
100039290853032
100039300150583
100039312842467
100039317282518
100039323708238
100039325991271
100039331426392
100039348825937
100039358459215
100039374779165
100039411347589
100039420906376
100039434323270
100039437271703
100039452693117
100039490522229
100039493845292
100039502756543
100039504425029
100039513912105
100039515564558
100039559982118
100039570121821
100039589881488
100039600784779
100039620057858
100039665528724
100039682863179
100039755732164
100039780293729
100039788760768
100039856668522
100039858676570
100039858752215
100039918224440
100039933466503
100039955801801
100039971612024
100040030603307
100040043140207
100040142237686
100040157625698
100040181532290
100040239671576
100040267854086
100040304091488
100040308391350
100040336512083
100040345058576
100040349718247
100040349781377
100040372366815
100040380697027
100040412962340
100040416279831
100040425498878
100040428097161
100040438656767
100040449849334
100040456298877
100040461343944
100040468073529
100040481324975
100040484263062
100040498692929
100040530706832
100040531672324
100040551248924
100040576792109
100040586643663
100040604505578
100040614444285
100040621093402
100040621278624
100040623518506
100040643343415
100040683590395
100040685413526
100040700239537
100040702924669
100040713543044
100040730719541
100040754374228
100040757118808
100040767252449
100040785618401
100040818374585
100040833852004
100040837568181
100040842100013
100040845815703
100040862479722
100040862779483
100040865820603
100040919443732
100040921328388
100040929290821
100040948452514
100040949915084
100040959679617
100040964153882
100040974154118
100041009804388
100041024941387
100041036143566
100041036449837
100041052722569
100041056874544
100041058990565
100041059636368
100041100564145
100041112037431
100041124288759
100041139109674
100041151370913
100041153025006
100041190612420
100041213814012
100041224025518
100041227651773
100041237256301
100041250440868
100041253654243
100041273825478
100041283441253
100041296008455
100041297721981
100041298291230
100041311025040
100041319669888
100041321109208
100041335972886
100041349761592
100041412517654
100041428994467
100041461208635
100041471584997
100041481946904
100041495590140
100041499887157
100041509062249
100041511041042
100041511182387
100041517643661
100041532932107
100041532976877
100041533638074
100041544556028
100041547948225
100041567297348
100041588960699
100041591300010
100041596445214
100041599639011
100041648235300
100041657292357
100041667077304
100041670234023
100041671640796
100041688127502
100041695011529
100041711358809
100041714831554
100041719694266
100041748484240
100041769637091
100041775969300
100041781451717
100041785330389
100041787230574
100041792748014
100041793636203
100041805653814
100041810480574
100041817048849
100041820633419
100041846567377
100041905549908
100041911271003
100041916012688
100041931878726
100041941771459
100041944212311
100041978015040
100041978622450
100041980072921
100042024080237
100042030152110
100042043094276
100042059137693
100042067517982
100042088410238
100042101618308
100042128763202
100042136248747
100042158107471
100042172390130
100042172574683
100042196604004
100042226969904
100042227196957
100042280392745
100042301245941
100042309542921
100042311861453
100042328036294
100042329687808
100042332349088
100042335273231
100042375183603
100042407863315
100042450314132
100042453473887
100042464807769
100042472333043
100042478551663
100042540842536
100042560842476
100042562695795
100042588062037
100042595085690
100042655651765
100042697621152
100042701359248
100042717940783
100042735139530
100042761804433
100042778899836
100042811893074
100042837845168
100042849974782
100042860931681
100042862144238
100042902480812
100042981294075
100042982807070
100043056390887
100043059276579
100043069922056
100043070075758
100043070716405
100043073795616
100043090411128
100043142954711
100043148765177
100043164735872
100043189281247
100043197873753
100043223232472
100043224460711
100043238371214
100043246320997
100043272311609
100043281638689
100043379523924
100043400927072
100043457832249
100043491484967
100043494582358
100043498008972
100043543028488
100043587675799
100043594963524
100043696819657
100043700504150
100043719711578
100043725262846
100043762569607
100043773305434
100043782168242
100043818171575
100043828897916
100043832170422
100043843475579
100043877448549
100043886445040
100043886522088
100043968251001
100043981547609
100043981818368
100044027873802
100044046493695
100044053523417
100044104929131
100044152608564
100044153181982
100044154586571
100044162211238
100044179502399
100044192647040
100044215178310
100044215941668
100044239757590
100044248486814
100044253920222
100044260094555
100044284156350
100044311727743
100044340743038
100044393386119
100044411528733
100044453867804
100044510765952
100044540512906
100044562832717
100044596897569
100044600233458
100044696688274
100044698403710
100044702266812
100044749067643
100044785868914
100044823413191
100044827540431
100044833009948
100044874616990
100044881069679
100044891585335
100044956144086
100044989639368
100044990451627
100045000126709
100045035841134
100045035883816
100045038114879
100045053528861
100045056103184
100045057101711
100045081340387
100045082790231
100045132571195
100045160852115
100045163720493
100045213735411
100045216576555
100045223024346
100045244455564
100045255742768
100045297998170
100045305402882
100045310920272
100045346551229
100045374303560
100045400996719
100045409213576
100045423703157
100045425492083
100045478925024
100045490745859
100045519216332
100045580485427
100045643926541
100045666287976
100045708939759
100045735991745
100045742182058
100045743493276
100045752600911
100045767910375
100045782077578
100045812956401
100045835937044
100045863180291
100045866143915
100045877606857
100045884806211
100045884806630
100045888738604
100045903317873
100045912883286
100045966158953
100045975396746
100045987133409
100045988273556
100046000293143
100046043944769
100046045069253
100046111272703
100046114090247
100046115482803
100046126871171
100046127712052
100046141397548
100046150025833
100046156926788
100046162534684
100046168846640
100046185045540
100046188305390
100046207455152
100046223139372
100046225130138
100046251510159
100046251939598
100046256776420
100046264711253
100046286468227
100046319990800
100046324967862
100046338490173
100046345669876
100046461713641
100046462957124
100046502430800
100046502675658
100046514820183
100046534970542
100046550830139
100046565550329
100046643239729
100046674323875
100046717508419
100046737587011
100046766791248
100046802287829
100046832586467
100046834703578
100046851712871
100046898123491
100046904730155
100046912117963
100046947244492
100046959803794
100046961584244
100046981038809
100047042540928
100047045442272
100047048930151
100047055347587
100047099862211
100047131697690
100047145975148
100047177561276
100047192318198
100047207081828
100047213622267
100047233094634
100047245140410
100047261811163
100047296205218
100047299117979
100047299417296
100047300101488
100047300657538
100047303138425
100047305144443
100047345441349
100047373983402
100047406904232
100047408384399
100047428925249
100047438042995
100047460163610
100047543850634
100047544349845
100047577713721
100047592064791
100047605390101
100047620425315
100047623902248
100047623999205
100047646042691
100047668983859
100047685312384
100047695996507
100047736802826
100047742393750
100047744621546
100047751605452
100047793032357
100047818879333
100047836389311
100047858570573
100047863872342
100047864887296
100047865757756
100047868500677
100047880632666
100047905663052
100047909468494
100047911362405
100047921910615
100047923364153
100047954798288
100047966462064
100047984174189
100048000726958
100048012560068
100048013133347
100048036944050
100048051611379
100048085403726
100048093232438
100048116529371
100048137885621
100048144767470
100048157321114
100048169210708
100048178427606
100048178814898
100048182213172
100048198937960
100048202775111
100048204383675
100048231033660
100048245615549
100048245692976
100048249242397
100048251925269
100048256096283
100048267370867
100048275706995
100048280878128
100048295777433
100048309666736
100048314984155
100048339858245
100048343455172
100048344649061
100048346850816
100048350419584
100048351491582
100048359984323
100048360102847
100048371353637
100048396367353
100048400999087
100048401812737
100048428237785
100048429887991
100048432690088
100048440265056
100048440357010
100048448426462
100048466475403
100048502491855
100048511862264
100048518416126
100048523862769
100048525781798
100048526174795
100048527244069
100048528578703
100048563693970
100048568717620
100048571850226
100048572114002
100048579233419
100048584649544
100048584894367
100048593535150
100048595544000
100048599442637
100048602630891
100048604264433
100048618872384
100048624822059
100048656568269
100048662341716
100048689523995
100048689945621
100048691519725
100048691603872
100048691612469
100048741439108
100048749621882
100048759243688
100048779752561
100048788973386
100048799035218
100048815843711
100048829505017
100048848454274
100048878471594
100048884419574
100048892036506
100048900451732
100048904534926
100048925326372
100048931603343
100048946357515
100048952721445
100048966803833
100048980580209
100048984821324
100049001743390
100049004783262
100049032822113
100049035528999
100049057071963
100049081872018
100049095514327
100049113231934
100049114842664
100049119698740
100049135097564
100049153270888
100049153482820
100049155348491
100049168253613
100049184044709
100049198233698
100049222442439
100049249026593
100049252842252
100049259872344
100049276399854
100049276552183
100049279099746
100049299832335
100049303392827
100049306395996
100049309073274
100049309722238
100049310840957
100049325394151
100049353886220
100049373421402
100049388768838
100049392157398
100049395887081
100049410690303
100049415611770
100049418242347
100049419362992
100049419384213
100049420248564
100049422014911
100049423363463
100049423673684
100049433989561
100049435581302
100049454836505
100049462151180
100049470309328
100049471232003
100049471547247
100049485631157
100049509585112
100049516847790
100049518125576
100049518375678
100049518556099
100049538012213
100049549793126
100049550570044
100049552124801
100049556088787
100049556362324
100049561753160
100049563187192
100049568270025
100049569703431
100049572861574
100049589223198
100049590831393
100049599314871
100049601450184
100049604921662
100049614726863
100049617469209
100049622257609
100049627691136
100049627966933
100049637085630
100049637505047
100049643870994
100049650953517
100049654431104
100049658443030
100049669622782
100049677673275
100049678608156
100049684393070
100049684661171
100049695514634
100049704728204
100049704787667
100049720116567
100049726601549
100049729070852
100049730511535
100049734106093
100049741336940
100049743793738
100049744637187
100049766316515
100049768485761
100049769016216
100049771236274
100049773121466
100049773456091
100049776463537
100049777102487
100049780033432
100049789253526
100049798535063
100049800064143
100049802530566
100049806821262
100049808169089
100049814193424
100049815257561
100049815765578
100049816245891
100049816421068
100049816928871
100049828508597
100049843483254
100049849173699
100049862850987
100049863942225
100049866546127
100049869933358
100049870687013
100049871262985
100049873650916
100049875780574
100049887672387
100049898292559
100049898523768
100049907321633
100049919490227
100049932964011
100049938218617
100049949081468
100049960170554
100049961834740
100049967917818
100049985651774
100049986993876
100050010423827
100050019481379
100050029596173
100050044594851
100050045044439
100050051046837
100050059145733
100050061393065
100050064817573
100050068352838
100050086118913
100050091517059
100050096851162
100050097754760
100050113200660
100050123102605
100050157277398
100050194354143
100050220570839
100050231582803
